version https://git-lfs.github.com/spec/v1
oid sha256:071b2543c27ea72f659353f5ce27fb9101f84e61d36f27ad8bf11872dbfb4ed8
size 24628
