version https://git-lfs.github.com/spec/v1
oid sha256:5c70180284e28985f1fd942fadf399635a1da411897a4cd2d1f66de56b0a7e46
size 31235
